1024
5,-13,0
121,20,0
182,13,0
281,-22,0
389,-21,0
504,-19,0
601,6,0
725,15,0
799,-14,9
877,1,9
1005,16,9
1107,1,9
1193,-6,9
1304,-5,9
1420,-12,9
1497,-1,7
1611,17,7
1679,4,7
1786,-11,7
1892,-5,7
2016,23,7
2084,6,7
2199,-12,7
2293,2,7
2378,6,3
2525,-21,3
2614,-11,3
2714,21,3
2817,23,3
2916,1,3
3011,-15,3
3077,20,3
24,87,0
107,87,0
188,121,0
298,93,0
403,82,0
475,96,0
608,81,0
702,107,0
779,111,0
889,101,9
982,111,9
1095,85,9
1180,111,9
1280,86,9
1423,105,9
1503,79,7
1577,95,7
1709,79,7
1796,122,7
1882,111,7
2020,104,7
2114,104,7
2224,80,7
2278,75,7
2414,82,3
2478,114,3
2581,80,3
2712,101,3
2796,93,3
2886,108,3
3009,105,3
3125,97,3
-15,213,0
84,214,0
209,197,0
292,211,0
415,212,0
480,191,0
591,194,0
723,184,0
798,217,0
882,180,9
1021,217,9
1102,181,9
1197,207,9
1282,219,9
1384,178,9
1481,187,7
1579,182,7
1697,195,7
1784,224,7
1899,208,7
2018,224,7
2092,207,7
2204,179,3
2275,179,3
2378,220,3
2517,224,3
2595,177,3
2715,194,3
2778,208,3
2910,217,3
2982,216,3
3089,197,3
-19,283,0
79,294,0
209,295,0
306,283,0
391,313,0
515,323,0
602,280,0
704,286,0
821,292,0
923,312,9
975,311,9
1095,290,9
1204,277,9
1285,278,9
1398,304,7
1491,317,7
1619,278,7
1713,317,7
1816,281,7
1880,321,7
1976,320,7
2090,303,7
2216,286,7
2313,288,3
2403,283,3
2512,315,3
2596,283,3
2703,325,3
2807,315,3
2912,277,3
3024,283,3
3102,309,3
22,425,0
81,386,0
188,405,0
321,376,0
407,412,0
506,381,0
590,393,0
710,407,0
778,387,0
910,380,9
994,401,9
1090,380,9
1193,423,9
1313,414,9
1401,390,9
1495,418,7
1578,396,7
1677,414,7
1777,384,7
1923,376,7
1992,396,7
2098,395,7
2206,413,7
2310,401,3
2397,423,3
2508,408,3
2582,416,3
2705,397,3
2799,423,3
2898,402,3
3012,412,3
3086,394,3
-9,483,0
109,505,0
180,488,0
303,523,0
380,488,0
477,499,0
584,502,0
687,475,0
806,506,9
923,499,9
1006,496,9
1088,512,9
1203,483,9
1316,475,9
1376,481,9
1510,510,7
1594,477,7
1681,498,7
1811,501,7
1907,485,7
1982,523,7
2081,479,7
2199,520,7
2314,518,3
2412,488,3
2492,487,3
2612,519,3
2717,476,3
2802,495,3
2921,477,3
2987,499,3
3101,503,3
18,582,0
97,597,0
191,588,0
281,588,0
412,601,0
502,620,0
580,590,0
721,605,9
791,590,9
880,594,9
984,608,9
1099,623,9
1183,580,9
1298,595,9
1425,609,9
1501,585,9
1576,599,7
1692,601,7
1775,576,7
1892,580,7
1996,622,7
2086,585,7
2223,593,7
2292,603,7
2420,576,3
2498,625,3
2583,621,3
2688,575,3
2789,620,3
2913,589,3
3011,601,3
3109,619,5
12,684,0
84,723,13
204,688,0
320,713,0
420,717,0
515,689,0
590,724,0
722,699,9
815,701,9
912,707,9
992,710,9
1105,679,9
1199,711,9
1302,714,9
1378,690,9
1492,713,9
1617,719,15
1713,685,7
1824,687,7
1894,725,7
2015,676,7
2075,675,7
2196,716,7
2306,690,19
2398,693,5
2488,709,3
2620,688,3
2698,683,3
2797,711,3
2893,718,3
3025,718,5
3095,690,5
-17,790,13
104,782,13
208,775,0
305,781,0
377,796,0
496,808,13
588,792,13
710,787,13
790,812,13
908,815,9
1010,776,9
1113,791,9
1210,810,9
1315,779,9
1403,794,9
1494,782,9
1601,818,15
1694,822,15
1823,824,7
1906,815,7
2021,823,7
2113,790,7
2211,811,19
2322,810,19
2425,818,5
2487,825,5
2601,821,3
2676,803,5
2781,802,3
2897,794,3
2981,810,5
3116,779,5
11,923,13
105,901,13
199,906,13
299,918,13
406,920,13
525,892,13
585,907,13
697,899,13
815,893,13
902,919,13
986,876,9
1120,908,9
1187,904,9
1324,888,9
1412,919,9
1523,875,15
1580,879,15
1691,921,15
1825,896,15
1905,895,15
2017,916,15
2094,880,15
2218,919,5
2323,908,5
2381,898,5
2522,911,5
2625,921,5
2717,898,5
2789,898,5
2890,925,5
2998,881,5
3121,882,5
11,987,13
75,993,13
177,1019,13
283,1011,13
397,992,13
478,999,13
588,1005,13
695,979,13
804,1020,13
912,1013,13
978,1002,13
1077,1002,15
1216,1019,15
1304,981,15
1397,1009,15
1521,976,15
1617,1025,15
1689,1025,15
1807,1010,15
1914,990,15
2007,977,15
2111,999,15
2177,981,5
2276,999,5
2409,979,5
2491,1022,5
2612,983,5
2681,1025,5
2791,989,5
2889,1020,5
3005,992,5
3077,1002,5
-21,1108,13
96,1102,13
206,1086,13
282,1080,13
385,1093,13
484,1115,13
616,1125,13
682,1102,13
822,1102,13
923,1081,13
993,1102,13
1118,1120,15
1186,1098,15
1296,1094,15
1390,1124,15
1519,1108,15
1595,1096,15
1717,1114,15
1797,1120,15
1876,1080,15
1995,1082,15
2119,1095,15
2215,1086,5
2321,1111,5
2394,1099,5
2515,1108,5
2603,1117,5
2710,1099,5
2806,1079,5
2897,1075,5
2989,1096,5
3093,1091,5
-16,1217,13
113,1182,13
193,1208,13
308,1210,13
389,1196,13
502,1191,13
590,1209,13
719,1175,13
787,1225,13
920,1223,13
1008,1183,13
1089,1215,15
1212,1187,14
1285,1187,15
1406,1205,15
1511,1212,15
1575,1213,15
1710,1209,15
1797,1215,15
1911,1183,15
2006,1217,15
2098,1213,15
2221,1225,17
2294,1184,5
2420,1189,5
2498,1211,5
2590,1179,5
2682,1185,5
2788,1224,5
2878,1217,5
3016,1178,5
3125,1198,5
17,1313,13
108,1322,13
179,1310,13
281,1295,13
416,1320,12
482,1295,13
619,1288,13
689,1280,13
820,1293,13
888,1297,13
987,1292,13
1086,1321,14
1196,1311,14
1279,1281,14
1424,1283,15
1507,1297,15
1606,1289,15
1699,1302,15
1790,1317,15
1892,1283,15
2021,1279,15
2106,1315,15
2213,1305,17
2319,1314,17
2420,1311,5
2512,1315,5
2612,1293,5
2724,1296,5
2807,1289,5
2923,1286,5
3008,1301,5
3094,1311,5
16,1399,13
88,1424,13
176,1424,12
325,1379,13
407,1389,12
523,1393,12
607,1387,13
696,1383,13
820,1415,13
924,1407,14
990,1394,14
1114,1397,14
1178,1405,14
1319,1424,14
1396,1398,14
1502,1385,14
1594,1402,14
1678,1401,15
1799,1401,15
1901,1383,15
1993,1414,15
2108,1382,15
2224,1412,17
2325,1398,17
2383,1406,17
2479,1408,5
2584,1384,5
2716,1389,5
2803,1401,5
2925,1419,5
3021,1381,5
3090,1382,5
24,1506,13
123,1511,12
184,1514,12
298,1477,12
422,1522,12
485,1485,12
623,1523,12
696,1480,12
808,1489,14
887,1503,14
978,1477,14
1075,1489,14
1185,1510,14
1301,1524,14
1387,1492,14
1522,1477,14
1621,1503,14
1722,1494,15
1783,1502,15
1880,1482,15
2024,1512,17
2106,1517,17
2218,1486,17
2286,1509,17
2411,1489,17
2485,1481,17
2583,1509,17
2694,1508,5
2821,1515,4
2875,1523,4
2990,1520,5
3122,1516,6
16,1616,12
102,1588,12
225,1610,12
310,1583,12
405,1585,12
522,1616,12
625,1621,12
716,1582,12
775,1624,14
924,1613,14
1002,1609,14
1091,1594,14
1191,1589,14
1275,1590,14
1421,1618,14
1494,1605,14
1583,1581,15
1680,1590,15
1784,1599,15
1902,1584,15
1990,1584,17
2101,1579,17
2195,1590,17
2317,1606,17
2423,1623,17
2488,1581,17
2605,1621,4
2716,1620,4
2793,1616,4
2895,1606,4
3010,1592,4
3112,1605,6
-24,1722,12
77,1715,12
194,1698,12
315,1688,12
420,1719,12
513,1711,12
586,1724,12
685,1707,12
775,1690,14
887,1692,14
977,1683,14
1086,1701,14
1222,1683,14
1309,1701,14
1393,1725,14
1487,1683,14
1609,1677,14
1716,1701,14
1820,1713,15
1905,1687,17
2020,1684,17
2096,1716,17
2184,1687,17
2293,1716,17
2404,1702,17
2496,1710,4
2601,1681,4
2717,1717,4
2776,1719,4
2918,1701,4
2984,1679,4
3084,1720,4
11,1786,12
102,1778,12
194,1781,12
319,1787,12
395,1824,12
510,1818,12
601,1795,12
675,1825,12
782,1817,12
912,1785,14
975,1806,14
1120,1778,14
1182,1775,14
1276,1775,14
1407,1825,14
1520,1811,14
1575,1805,17
1677,1806,17
1817,1802,15
1904,1780,17
2015,1814,17
2079,1819,17
2176,1817,17
2283,1818,17
2415,1807,4
2496,1815,4
2588,1812,4
2714,1779,4
2805,1825,4
2899,1799,4
3022,1799,4
3095,1819,4
25,1913,12
92,1877,12
182,1925,12
295,1890,12
396,1892,12
524,1905,12
621,1875,12
709,1901,12
794,1914,12
917,1914,14
988,1910,14
1080,1905,14
1207,1907,14
1295,1923,14
1393,1909,14
1521,1895,14
1617,1921,17
1722,1885,17
1781,1879,17
1916,1876,17
1999,1919,17
2086,1911,17
2189,1899,17
2304,1909,4
2395,1924,4
2510,1897,4
2616,1911,4
2689,1893,4
2803,1917,4
2885,1901,4
3018,1922,4
3098,1912,4
-6,1997,12
94,2019,12
213,2019,12
323,2021,12
414,1985,12
501,1991,12
621,2012,12
715,2009,12
801,1991,16
891,1992,16
1006,1995,14
1087,2014,14
1204,1991,14
1282,1992,14
1380,2020,14
1487,2016,14
1585,2005,17
1719,2013,17
1799,1988,17
1925,2010,17
2005,1986,17
2098,2012,17
2188,1990,17
2307,1990,4
2377,1983,4
2516,2003,4
2599,2009,4
2695,2021,4
2824,1980,4
2884,1998,4
2989,1975,4
3123,2008,4
-10,2114,12
120,2124,12
178,2103,12
323,2090,12
414,2097,12
518,2087,12
612,2096,12
688,2089,12
817,2123,16
919,2110,16
990,2108,16
1089,2084,14
1180,2084,14
1296,2086,14
1378,2078,14
1479,2090,17
1594,2081,17
1701,2076,17
1824,2111,17
1894,2095,17
2008,2114,17
2114,2095,17
2179,2076,17
2325,2099,4
2383,2083,4
2507,2097,4
2607,2106,4
2682,2085,4
2802,2125,4
2879,2122,4
2985,2124,4
3092,2077,4
10,2219,1
104,2215,1
183,2182,12
285,2215,12
407,2207,12
488,2214,12
578,2209,12
690,2188,12
803,2185,16
889,2208,16
985,2207,10
1111,2187,10
1188,2189,14
1297,2177,10
1383,2215,18
1523,2184,17
1585,2197,17
1675,2204,17
1781,2225,17
1919,2206,8
2021,2178,17
2120,2189,17
2217,2201,17
2295,2196,4
2424,2212,4
2509,2221,4
2578,2204,4
2690,2192,4
2787,2207,4
2903,2186,4
3006,2197,4
3079,2199,4
-4,2282,1
122,2325,1
202,2303,1
293,2305,1
384,2325,1
522,2308,1
589,2291,16
711,2316,16
825,2278,16
906,2303,10
975,2276,10
1091,2309,10
1189,2312,10
1314,2309,10
1401,2277,18
1513,2277,18
1616,2294,17
1714,2304,8
1777,2275,8
1906,2287,8
2015,2281,8
2075,2304,8
2214,2294,17
2278,2284,17
2418,2287,4
2501,2286,4
2619,2289,4
2722,2279,2
2778,2281,4
2895,2280,2
2995,2313,4
3113,2291,4
-21,2394,1
94,2419,1
212,2380,1
309,2425,1
409,2381,1
475,2418,1
591,2393,16
712,2395,10
790,2388,10
879,2398,10
996,2395,10
1099,2424,10
1189,2399,10
1314,2380,10
1385,2389,10
1481,2383,10
1603,2399,8
1685,2383,8
1811,2383,8
1908,2425,8
1997,2384,8
2105,2406,8
2192,2423,8
2314,2385,17
2423,2388,17
2485,2417,2
2610,2406,2
2693,2406,2
2796,2390,2
2908,2409,2
3008,2408,2
3103,2394,4
21,2517,1
102,2478,1
202,2491,1
281,2502,1
399,2499,1
491,2498,1
617,2513,1
721,2493,10
819,2486,10
908,2507,10
985,2510,10
1107,2502,10
1195,2487,10
1293,2475,10
1376,2504,10
1511,2486,8
1620,2490,8
1725,2506,8
1799,2523,8
1925,2477,8
2014,2498,8
2107,2476,8
2181,2475,8
2325,2524,8
2412,2495,2
2504,2511,2
2624,2512,2
2679,2485,2
2775,2497,2
2904,2516,2
2993,2513,2
3103,2508,2
-16,2615,1
84,2625,1
199,2617,1
293,2584,1
420,2617,1
501,2614,1
584,2586,1
691,2610,1
812,2580,1
883,2624,10
993,2580,10
1117,2612,10
1186,2606,10
1279,2590,10
1413,2598,10
1523,2608,8
1579,2592,8
1692,2622,8
1790,2575,8
1910,2605,8
1999,2623,8
2108,2604,8
2199,2613,8
2316,2585,8
2379,2619,2
2502,2585,2
2590,2609,2
2684,2597,2
2797,2610,2
2916,2601,2
2993,2613,2
3113,2598,2
-22,2706,1
87,2704,1
220,2708,1
314,2693,1
403,2695,1
494,2682,1
615,2686,1
717,2689,1
816,2676,1
918,2689,10
994,2678,10
1080,2709,10
1184,2705,10
1295,2710,10
1403,2711,10
1483,2676,8
1580,2709,8
1681,2701,8
1793,2708,8
1912,2697,8
2003,2676,8
2094,2680,8
2211,2677,8
2280,2717,2
2420,2705,2
2511,2684,2
2577,2712,2
2692,2681,2
2795,2680,2
2895,2690,2
3019,2720,2
3086,2680,2
-19,2786,1
114,2777,1
195,2820,1
277,2775,1
404,2780,1
491,2812,1
581,2784,1
690,2817,1
776,2795,1
887,2782,10
988,2809,10
1099,2825,10
1199,2809,10
1285,2792,10
1389,2814,10
1496,2796,8
1615,2819,8
1723,2779,8
1783,2786,8
1878,2791,8
1992,2798,8
2081,2798,8
2202,2811,2
2289,2801,2
2411,2824,2
2525,2818,2
2618,2786,2
2675,2788,2
2805,2817,2
2909,2777,2
3022,2820,2
3114,2789,2
3,2881,1
125,2910,1
212,2891,1
299,2901,1
419,2909,1
508,2904,1
618,2908,1
686,2888,1
793,2912,10
918,2904,10
1013,2884,10
1116,2891,10
1188,2912,10
1291,2892,10
1418,2882,10
1481,2892,10
1586,2903,8
1717,2890,8
1808,2896,8
1892,2904,8
1990,2897,8
2089,2923,8
2181,2921,8
2312,2885,2
2397,2897,2
2518,2884,2
2594,2910,2
2705,2916,2
2788,2880,2
2887,2912,2
2992,2880,2
3111,2895,2
19,3004,1
81,3021,1
194,3012,1
325,2982,1
396,3014,1
479,2995,1
578,2976,1
686,3022,10
793,2982,10
881,2975,10
1022,2991,10
1119,3001,10
1194,3022,10
1288,3021,10
1376,2985,10
1476,2998,8
1580,3018,8
1708,3009,8
1804,3021,8
1905,2989,8
1980,3005,8
2124,3005,8
2203,2978,8
2313,2980,2
2415,3004,2
2491,3015,2
2595,3008,2
2696,3007,2
2784,2981,2
2878,3012,2
2993,2984,2
3081,3017,2
-18,3091,1
99,3079,1
205,3104,1
303,3116,1
411,3099,1
498,3085,1
604,3081,11
688,3108,11
801,3076,10
901,3107,10
999,3092,10
1124,3116,10
1175,3078,10
1284,3103,10
1390,3079,10
1487,3096,10
1618,3103,8
1684,3108,8
1810,3075,8
1912,3095,8
1988,3114,8
2113,3096,8
2196,3125,8
2279,3076,2
2375,3121,2
2502,3081,2
2576,3091,2
2716,3124,2
2789,3078,2
2904,3114,2
2995,3110,2
3119,3105,2