param scale := 1;
param n := 512;

param X :=
1 12
2 108
3 213
4 322
5 423
6 517
7 576
8 701
9 825
10 879
11 977
12 1083
13 1176
14 1291
15 1406
16 1490
17 1602
18 1689
19 1804
20 1898
21 2003
22 2106
23 2205
24 2290
25 2378
26 2477
27 2619
28 2698
29 2794
30 2917
31 3009
32 3122
33 -17
34 111
35 210
36 316
37 380
38 476
39 597
40 686
41 791
42 911
43 990
44 1086
45 1210
46 1296
47 1398
48 1478
49 1587
50 1709
51 1782
52 1922
53 1988
54 2089
55 2195
56 2304
57 2407
58 2484
59 2590
60 2716
61 2779
62 2888
63 2987
64 3086
65 10
66 103
67 224
68 320
69 424
70 478
71 615
72 698
73 785
74 885
75 976
76 1098
77 1216
78 1287
79 1375
80 1505
81 1617
82 1687
83 1786
84 1916
85 2022
86 2083
87 2203
88 2285
89 2411
90 2521
91 2623
92 2696
93 2822
94 2922
95 2977
96 3082
97 6
98 83
99 211
100 296
101 378
102 509
103 589
104 715
105 792
106 923
107 985
108 1114
109 1177
110 1308
111 1414
112 1504
113 1598
114 1722
115 1789
116 1891
117 1975
118 2077
119 2210
120 2305
121 2385
122 2519
123 2623
124 2715
125 2794
126 2909
127 3021
128 3109
129 -19
130 125
131 199
132 305
133 383
134 503
135 606
136 723
137 802
138 917
139 1011
140 1083
141 1214
142 1276
143 1410
144 1497
145 1575
146 1679
147 1816
148 1910
149 1978
150 2097
151 2186
152 2297
153 2383
154 2478
155 2614
156 2722
157 2782
158 2917
159 2983
160 3108
161 1
162 84
163 224
164 295
165 378
166 483
167 593
168 720
169 804
170 910
171 997
172 1087
173 1214
174 1283
175 1394
176 1523
177 1607
178 1712
179 1783
180 1902
181 1987
182 2085
183 2209
184 2301
185 2375
186 2523
187 2603
188 2704
189 2812
190 2875
191 2984
192 3114
193 18
194 89
195 180
196 276
197 410
198 496
199 579
200 711
201 780
202 882
203 1009
204 1082
205 1225
206 1280
207 1395
208 1524
209 1592
210 1687
211 1780
212 1914
213 1977
214 2109
215 2206
216 2289
217 2425
218 2524
219 2618
220 2710
221 2798
222 2897
223 3018
224 3117
225 7
226 119
227 183
228 307
229 396
230 481
231 606
232 710
233 796
234 890
235 1022
236 1092
237 1198
238 1285
239 1417
240 1512
241 1595
242 1709
243 1788
244 1893
245 1992
246 2084
247 2175
248 2280
249 2417
250 2517
251 2576
252 2707
253 2784
254 2887
255 3005
256 3084
257 -21
258 76
259 203
260 302
261 408
262 488
263 599
264 684
265 776
266 899
267 1017
268 1092
269 1176
270 1305
271 1415
272 1517
273 1617
274 1709
275 1793
276 1912
277 1988
278 2113
279 2210
280 2289
281 2424
282 2479
283 2625
284 2696
285 2824
286 2890
287 3016
288 3109
289 -1
290 120
291 218
292 294
293 410
294 525
295 616
296 705
297 799
298 922
299 979
300 1089
301 1220
302 1275
303 1393
304 1522
305 1580
306 1707
307 1810
308 1884
309 2017
310 2096
311 2184
312 2305
313 2382
314 2511
315 2621
316 2708
317 2794
318 2888
319 3003
320 3112
321 10
322 124
323 199
324 304
325 388
326 507
327 604
328 721
329 777
330 914
331 1010
332 1116
333 1189
334 1305
335 1424
336 1523
337 1575
338 1704
339 1789
340 1910
341 2016
342 2118
343 2211
344 2278
345 2386
346 2499
347 2611
348 2715
349 2816
350 2914
351 2980
352 3122
353 6
354 123
355 216
356 288
357 422
358 493
359 602
360 707
361 783
362 921
363 1009
364 1076
365 1184
366 1276
367 1375
368 1522
369 1616
370 1718
371 1786
372 1919
373 1985
374 2101
375 2184
376 2287
377 2408
378 2519
379 2586
380 2694
381 2817
382 2886
383 3010
384 3114
385 10
386 124
387 223
388 309
389 378
390 492
391 586
392 701
393 799
394 901
395 997
396 1109
397 1175
398 1310
399 1392
400 1516
401 1578
402 1719
403 1816
404 1883
405 1991
406 2119
407 2216
408 2286
409 2391
410 2524
411 2616
412 2708
413 2803
414 2894
415 2996
416 3109
417 -6
418 124
419 186
420 294
421 379
422 498
423 608
424 704
425 783
426 924
427 1001
428 1109
429 1224
430 1293
431 1413
432 1502
433 1610
434 1722
435 1813
436 1891
437 2002
438 2115
439 2206
440 2297
441 2413
442 2502
443 2576
444 2710
445 2778
446 2899
447 3001
448 3076
449 14
450 96
451 175
452 289
453 421
454 498
455 588
456 703
457 794
458 877
459 979
460 1104
461 1209
462 1295
463 1414
464 1495
465 1599
466 1693
467 1810
468 1894
469 2022
470 2114
471 2215
472 2276
473 2412
474 2503
475 2616
476 2708
477 2789
478 2881
479 2983
480 3106
481 17
482 91
483 212
484 315
485 391
486 503
487 606
488 716
489 795
490 912
491 994
492 1087
493 1190
494 1278
495 1398
496 1477
497 1611
498 1694
499 1822
500 1885
501 1990
502 2104
503 2180
504 2294
505 2399
506 2486
507 2586
508 2701
509 2805
510 2908
511 3016
512 3105;

param Y :=
1 -12
2 15
3 -5
4 -22
5 -3
6 -1
7 14
8 -3
9 4
10 21
11 -3
12 -11
13 10
14 -25
15 -9
16 16
17 -7
18 -5
19 14
20 -17
21 20
22 -12
23 10
24 19
25 -9
26 23
27 25
28 3
29 -23
30 -16
31 -23
32 14
33 85
34 76
35 79
36 116
37 94
38 109
39 117
40 111
41 116
42 119
43 111
44 111
45 106
46 103
47 92
48 89
49 83
50 89
51 123
52 77
53 108
54 122
55 94
56 99
57 82
58 96
59 101
60 85
61 114
62 124
63 90
64 124
65 195
66 186
67 202
68 197
69 214
70 225
71 218
72 185
73 202
74 199
75 206
76 177
77 225
78 225
79 178
80 216
81 189
82 188
83 210
84 218
85 194
86 196
87 225
88 221
89 203
90 197
91 225
92 211
93 218
94 211
95 179
96 193
97 295
98 322
99 290
100 309
101 294
102 280
103 316
104 284
105 311
106 322
107 294
108 288
109 281
110 292
111 305
112 283
113 284
114 284
115 318
116 324
117 296
118 293
119 302
120 304
121 290
122 296
123 290
124 277
125 295
126 308
127 317
128 291
129 388
130 403
131 397
132 403
133 394
134 418
135 410
136 382
137 406
138 411
139 413
140 390
141 425
142 404
143 390
144 386
145 415
146 395
147 422
148 401
149 395
150 381
151 416
152 383
153 394
154 421
155 422
156 418
157 422
158 387
159 418
160 382
161 484
162 475
163 517
164 487
165 513
166 494
167 516
168 491
169 503
170 524
171 475
172 516
173 501
174 522
175 475
176 510
177 522
178 476
179 501
180 491
181 507
182 505
183 480
184 520
185 480
186 476
187 523
188 491
189 492
190 488
191 489
192 522
193 609
194 601
195 619
196 584
197 596
198 619
199 616
200 581
201 617
202 598
203 624
204 620
205 615
206 615
207 608
208 582
209 586
210 582
211 582
212 582
213 588
214 611
215 580
216 604
217 602
218 589
219 610
220 581
221 616
222 592
223 608
224 619
225 682
226 711
227 718
228 724
229 681
230 717
231 699
232 712
233 680
234 703
235 713
236 705
237 694
238 718
239 710
240 710
241 724
242 724
243 697
244 693
245 683
246 721
247 685
248 712
249 709
250 685
251 721
252 716
253 709
254 697
255 702
256 681
257 796
258 816
259 793
260 815
261 799
262 810
263 796
264 776
265 819
266 803
267 776
268 782
269 811
270 785
271 813
272 776
273 824
274 787
275 794
276 803
277 818
278 795
279 787
280 778
281 804
282 818
283 815
284 794
285 791
286 779
287 824
288 793
289 920
290 904
291 879
292 884
293 909
294 893
295 885
296 895
297 919
298 909
299 912
300 908
301 901
302 875
303 912
304 915
305 893
306 895
307 881
308 925
309 920
310 897
311 897
312 885
313 898
314 895
315 882
316 920
317 881
318 909
319 882
320 924
321 992
322 1013
323 1013
324 1015
325 999
326 1019
327 984
328 978
329 980
330 1019
331 976
332 984
333 1014
334 982
335 1022
336 1013
337 985
338 994
339 995
340 990
341 983
342 996
343 1021
344 1025
345 990
346 977
347 1013
348 976
349 1010
350 1006
351 979
352 1004
353 1106
354 1080
355 1094
356 1080
357 1110
358 1106
359 1117
360 1099
361 1079
362 1120
363 1124
364 1093
365 1113
366 1075
367 1118
368 1115
369 1097
370 1075
371 1112
372 1120
373 1109
374 1082
375 1088
376 1087
377 1090
378 1092
379 1080
380 1093
381 1120
382 1111
383 1101
384 1075
385 1186
386 1204
387 1204
388 1180
389 1212
390 1180
391 1177
392 1198
393 1217
394 1209
395 1175
396 1187
397 1210
398 1187
399 1179
400 1183
401 1220
402 1191
403 1216
404 1212
405 1179
406 1199
407 1187
408 1198
409 1192
410 1183
411 1177
412 1204
413 1197
414 1196
415 1214
416 1225
417 1321
418 1296
419 1293
420 1283
421 1294
422 1323
423 1291
424 1284
425 1283
426 1318
427 1325
428 1292
429 1320
430 1292
431 1319
432 1315
433 1315
434 1297
435 1320
436 1303
437 1280
438 1308
439 1298
440 1278
441 1301
442 1276
443 1284
444 1297
445 1323
446 1293
447 1289
448 1310
449 1401
450 1404
451 1415
452 1413
453 1389
454 1405
455 1382
456 1380
457 1418
458 1376
459 1380
460 1386
461 1389
462 1421
463 1414
464 1385
465 1389
466 1380
467 1401
468 1408
469 1379
470 1393
471 1415
472 1380
473 1414
474 1413
475 1379
476 1402
477 1399
478 1381
479 1385
480 1390
481 1476
482 1520
483 1523
484 1520
485 1524
486 1498
487 1503
488 1478
489 1498
490 1517
491 1484
492 1494
493 1504
494 1496
495 1482
496 1521
497 1497
498 1478
499 1476
500 1494
501 1510
502 1485
503 1485
504 1508
505 1482
506 1507
507 1519
508 1499
509 1486
510 1521
511 1499
512 1497;

param smallest_X := -42;
param smallest_Y := -40;
param biggest_X := 3122;
param biggest_Y := 1536;

set S := "S2C" "S2CPro" "S3";

param I :=
"S2C" 0.305891
"S2CPro" 0.755891
"S3" 0.76198;

param MC := 
"S2C" 28.45
"S2CPro" 34.31
"S3" 40.32;

param RMAX :=
"S2C" 1200
"S2CPro" 3200
"S3" 3200;